C           0  0  0  1  0  0  0  0  0  0  0  0  0  0  0  0  0  0  0  0  0  0  0     1
Cl          0  0  0  0  0  0  0  0  0  0  0  1  0  0  0  0  0  0  0  0  0  0  0     2
Fe          0  0  0  0  0  0  0  0  1  0  0  0  0  0  0  0  0  0  0  0  0  0  0     3
H           0  1  0  0  0  0  0  0  0  0  0  0  0  0  0  0  0  0  0  0  0  0  0     4
He          0  0  1  0  0  0  0  0  0  0  0  0  0  0  0  0  0  0  0  0  0  0  0     5
Mg          0  0  0  0  0  0  0  0  0  0  1  0  0  0  0  0  0  0  0  0  0  0  0     6
N           0  0  0  0  1  0  0  0  0  0  0  0  0  0  0  0  0  0  0  0  0  0  0     7
Na          0  0  0  0  0  0  0  0  0  1  0  0  0  0  0  0  0  0  0  0  0  0  0     8
O           0  0  0  0  0  1  0  0  0  0  0  0  0  0  0  0  0  0  0  0  0  0  0     9
P           0  0  0  0  0  0  0  0  0  0  0  0  1  0  0  0  0  0  0  0  0  0  0    10
S           0  0  0  0  0  0  0  1  0  0  0  0  0  0  0  0  0  0  0  0  0  0  0    11
Si          0  0  0  0  0  0  1  0  0  0  0  0  0  0  0  0  0  0  0  0  0  0  0    12
F           0  0  0  0  0  0  0  0  0  0  0  0  0  1  0  0  0  0  0  0  0  0  0    13
N(2D)       0  0  0  0  1  0  0  0  0  0  0  0  0  0  0  0  0  0  0  0  0  0  0    14
O(1D)       0  0  0  0  0  1  0  0  0  0  0  0  0  0  0  0  0  0  0  0  0  0  0    15
(13)C       0  0  0  1  0  0  0  0  0  0  0  0  0  0  0  0  0  0  0  0  0  0  0    16
C(1D)       0  0  0  1  0  0  0  0  0  0  0  0  0  0  0  0  0  0  0  0  0  0  0    17
C2          0  0  0  2  0  0  0  0  0  0  0  0  0  0  0  0  0  0  0  0  0  0  0    18
CCl         0  0  0  1  0  0  0  0  0  0  0  1  0  0  0  0  0  0  0  0  0  0  0    19
CH          0  1  0  1  0  0  0  0  0  0  0  0  0  0  0  0  0  0  0  0  0  0  0    20
ClO         0  0  0  0  0  1  0  0  0  0  0  1  0  0  0  0  0  0  0  0  0  0  0    21
CN          0  0  0  1  1  0  0  0  0  0  0  0  0  0  0  0  0  0  0  0  0  0  0    22
CO          0  0  0  1  0  1  0  0  0  0  0  0  0  0  0  0  0  0  0  0  0  0  0    23
CP          0  0  0  1  0  0  0  0  0  0  0  0  1  0  0  0  0  0  0  0  0  0  0    24
CS          0  0  0  1  0  0  0  1  0  0  0  0  0  0  0  0  0  0  0  0  0  0  0    25
H2          0  2  0  0  0  0  0  0  0  0  0  0  0  0  0  0  0  0  0  0  0  0  0    26
HCl         0  1  0  0  0  0  0  0  0  0  0  1  0  0  0  0  0  0  0  0  0  0  0    27
HF          0  1  0  0  0  0  0  0  0  0  0  0  0  1  0  0  0  0  0  0  0  0  0    28
HS          0  1  0  0  0  0  0  1  0  0  0  0  0  0  0  0  0  0  0  0  0  0  0    29
MgH         0  1  0  0  0  0  0  0  0  0  1  0  0  0  0  0  0  0  0  0  0  0  0    30
N2          0  0  0  0  2  0  0  0  0  0  0  0  0  0  0  0  0  0  0  0  0  0  0    31
NaH         0  1  0  0  0  0  0  0  0  1  0  0  0  0  0  0  0  0  0  0  0  0  0    32
NH          0  1  0  0  1  0  0  0  0  0  0  0  0  0  0  0  0  0  0  0  0  0  0    33
NO          0  0  0  0  1  1  0  0  0  0  0  0  0  0  0  0  0  0  0  0  0  0  0    34
NS          0  0  0  0  1  0  0  1  0  0  0  0  0  0  0  0  0  0  0  0  0  0  0    35
O2          0  0  0  0  0  2  0  0  0  0  0  0  0  0  0  0  0  0  0  0  0  0  0    36
OH          0  1  0  0  0  1  0  0  0  0  0  0  0  0  0  0  0  0  0  0  0  0  0    37
PH          0  1  0  0  0  0  0  0  0  0  0  0  1  0  0  0  0  0  0  0  0  0  0    38
PN          0  0  0  0  1  0  0  0  0  0  0  0  1  0  0  0  0  0  0  0  0  0  0    39
PO          0  0  0  0  0  1  0  0  0  0  0  0  1  0  0  0  0  0  0  0  0  0  0    40
S2          0  0  0  0  0  0  0  2  0  0  0  0  0  0  0  0  0  0  0  0  0  0  0    41
SiC         0  0  0  1  0  0  1  0  0  0  0  0  0  0  0  0  0  0  0  0  0  0  0    42
SiH         0  1  0  0  0  0  1  0  0  0  0  0  0  0  0  0  0  0  0  0  0  0  0    43
SiN         0  0  0  0  1  0  1  0  0  0  0  0  0  0  0  0  0  0  0  0  0  0  0    44
SiO         0  0  0  0  0  1  1  0  0  0  0  0  0  0  0  0  0  0  0  0  0  0  0    45
SiS         0  0  0  0  0  0  1  1  0  0  0  0  0  0  0  0  0  0  0  0  0  0  0    46
SO          0  0  0  0  0  1  0  1  0  0  0  0  0  0  0  0  0  0  0  0  0  0  0    47
SCl         0  0  0  0  0  0  0  1  0  0  0  1  0  0  0  0  0  0  0  0  0  0  0    48
FO          0  0  0  0  0  1  0  0  0  0  0  0  0  1  0  0  0  0  0  0  0  0  0    49
Cl2         0  0  0  0  0  0  0  0  0  0  0  2  0  0  0  0  0  0  0  0  0  0  0    50
(13)CO      0  0  0  1  0  1  0  0  0  0  0  0  0  0  0  0  0  0  0  0  0  0  0    51
FeH         0  1  0  0  0  0  0  0  1  0  0  0  0  0  0  0  0  0  0  0  0  0  0    52
CCH         0  1  0  2  0  0  0  0  0  0  0  0  0  0  0  0  0  0  0  0  0  0  0    53
CCN         0  0  0  2  1  0  0  0  0  0  0  0  0  0  0  0  0  0  0  0  0  0  0    54
CCS         0  0  0  2  0  0  0  1  0  0  0  0  0  0  0  0  0  0  0  0  0  0  0    55
C3          0  0  0  3  0  0  0  0  0  0  0  0  0  0  0  0  0  0  0  0  0  0  0    56
CCO         0  0  0  2  0  1  0  0  0  0  0  0  0  0  0  0  0  0  0  0  0  0  0    57
CCP         0  0  0  2  0  0  0  0  0  0  0  0  1  0  0  0  0  0  0  0  0  0  0    58
CH2         0  2  0  1  0  0  0  0  0  0  0  0  0  0  0  0  0  0  0  0  0  0  0    59
CO2         0  0  0  1  0  2  0  0  0  0  0  0  0  0  0  0  0  0  0  0  0  0  0    60
H2O         0  2  0  0  0  1  0  0  0  0  0  0  0  0  0  0  0  0  0  0  0  0  0    61
H2S         0  2  0  0  0  0  0  1  0  0  0  0  0  0  0  0  0  0  0  0  0  0  0    62
HCN         0  1  0  1  1  0  0  0  0  0  0  0  0  0  0  0  0  0  0  0  0  0  0    63
HCO         0  1  0  1  0  1  0  0  0  0  0  0  0  0  0  0  0  0  0  0  0  0  0    64
HCP         0  1  0  1  0  0  0  0  0  0  0  0  1  0  0  0  0  0  0  0  0  0  0    65
HCS         0  1  0  1  0  0  0  1  0  0  0  0  0  0  0  0  0  0  0  0  0  0  0    66
HCSi        0  1  0  1  0  0  1  0  0  0  0  0  0  0  0  0  0  0  0  0  0  0  0    67
HNC         0  1  0  1  1  0  0  0  0  0  0  0  0  0  0  0  0  0  0  0  0  0  0    68
HNO         0  1  0  0  1  1  0  0  0  0  0  0  0  0  0  0  0  0  0  0  0  0  0    69
HNSi        0  1  0  0  1  0  1  0  0  0  0  0  0  0  0  0  0  0  0  0  0  0  0    70
HPO         0  1  0  0  0  1  0  0  0  0  0  0  1  0  0  0  0  0  0  0  0  0  0    71
HSS         0  1  0  0  0  0  0  2  0  0  0  0  0  0  0  0  0  0  0  0  0  0  0    72
N2O         0  0  0  0  2  1  0  0  0  0  0  0  0  0  0  0  0  0  0  0  0  0  0    73
NaOH        0  1  0  0  0  1  0  0  0  1  0  0  0  0  0  0  0  0  0  0  0  0  0    74
NH2         0  2  0  0  1  0  0  0  0  0  0  0  0  0  0  0  0  0  0  0  0  0  0    75
NO2         0  0  0  0  1  2  0  0  0  0  0  0  0  0  0  0  0  0  0  0  0  0  0    76
O2H         0  1  0  0  0  2  0  0  0  0  0  0  0  0  0  0  0  0  0  0  0  0  0    77
OCN         0  0  0  1  1  1  0  0  0  0  0  0  0  0  0  0  0  0  0  0  0  0  0    78
OCS         0  0  0  1  0  1  0  1  0  0  0  0  0  0  0  0  0  0  0  0  0  0  0    79
PH2         0  2  0  0  0  0  0  0  0  0  0  0  1  0  0  0  0  0  0  0  0  0  0    80
c-SiC2      0  0  0  2  0  0  1  0  0  0  0  0  0  0  0  0  0  0  0  0  0  0  0    81
SiH2        0  2  0  0  0  0  1  0  0  0  0  0  0  0  0  0  0  0  0  0  0  0  0    82
SiNC        0  0  0  1  1  0  1  0  0  0  0  0  0  0  0  0  0  0  0  0  0  0  0    83
SiO2        0  0  0  0  0  2  1  0  0  0  0  0  0  0  0  0  0  0  0  0  0  0  0    84
SO2         0  0  0  0  0  2  0  1  0  0  0  0  0  0  0  0  0  0  0  0  0  0  0    85
(1)CH2      0  2  0  1  0  0  0  0  0  0  0  0  0  0  0  0  0  0  0  0  0  0  0    86
CN2         0  0  0  1  2  0  0  0  0  0  0  0  0  0  0  0  0  0  0  0  0  0  0    87
N2H         0  1  0  0  2  0  0  0  0  0  0  0  0  0  0  0  0  0  0  0  0  0  0    88
O3          0  0  0  0  0  3  0  0  0  0  0  0  0  0  0  0  0  0  0  0  0  0  0    89
FO2         0  0  0  0  0  2  0  0  0  0  0  0  0  1  0  0  0  0  0  0  0  0  0    90
FNO         0  0  0  0  1  1  0  0  0  0  0  0  0  1  0  0  0  0  0  0  0  0  0    91
ClOH        0  1  0  0  0  1  0  0  0  0  0  1  0  0  0  0  0  0  0  0  0  0  0    92
OClO        0  0  0  0  0  2  0  0  0  0  0  1  0  0  0  0  0  0  0  0  0  0  0    93
ClO2        0  0  0  0  0  2  0  0  0  0  0  1  0  0  0  0  0  0  0  0  0  0  0    94
CNO         0  0  0  1  1  1  0  0  0  0  0  0  0  0  0  0  0  0  0  0  0  0  0    95
MgH2        0  2  0  0  0  0  0  0  0  0  1  0  0  0  0  0  0  0  0  0  0  0  0    96
HSO         0  1  0  0  0  1  0  1  0  0  0  0  0  0  0  0  0  0  0  0  0  0  0    97
C2H2        0  2  0  2  0  0  0  0  0  0  0  0  0  0  0  0  0  0  0  0  0  0  0    98
c-C3H       0  1  0  3  0  0  0  0  0  0  0  0  0  0  0  0  0  0  0  0  0  0  0    99
C3N         0  0  0  3  1  0  0  0  0  0  0  0  0  0  0  0  0  0  0  0  0  0  0   100
C3O         0  0  0  3  0  1  0  0  0  0  0  0  0  0  0  0  0  0  0  0  0  0  0   101
C3P         0  0  0  3  0  0  0  0  0  0  0  0  1  0  0  0  0  0  0  0  0  0  0   102
C3S         0  0  0  3  0  0  0  1  0  0  0  0  0  0  0  0  0  0  0  0  0  0  0   103
C4          0  0  0  4  0  0  0  0  0  0  0  0  0  0  0  0  0  0  0  0  0  0  0   104
CH3         0  3  0  1  0  0  0  0  0  0  0  0  0  0  0  0  0  0  0  0  0  0  0   105
H2CN        0  2  0  1  1  0  0  0  0  0  0  0  0  0  0  0  0  0  0  0  0  0  0   106
H2CO        0  2  0  1  0  1  0  0  0  0  0  0  0  0  0  0  0  0  0  0  0  0  0   107
H2CS        0  2  0  1  0  0  0  1  0  0  0  0  0  0  0  0  0  0  0  0  0  0  0   108
HOOH        0  2  0  0  0  2  0  0  0  0  0  0  0  0  0  0  0  0  0  0  0  0  0   109
HSSH        0  2  0  0  0  0  0  2  0  0  0  0  0  0  0  0  0  0  0  0  0  0  0   110
H2SiO       0  2  0  0  0  1  1  0  0  0  0  0  0  0  0  0  0  0  0  0  0  0  0   111
HCCP        0  1  0  2  0  0  0  0  0  0  0  0  1  0  0  0  0  0  0  0  0  0  0   112
NH3         0  3  0  0  1  0  0  0  0  0  0  0  0  0  0  0  0  0  0  0  0  0  0   113
HCCSi       0  1  0  2  0  0  1  0  0  0  0  0  0  0  0  0  0  0  0  0  0  0  0   114
l-SiC3      0  0  0  3  0  0  1  0  0  0  0  0  0  0  0  0  0  0  0  0  0  0  0   115
SiCH2       0  2  0  1  0  0  1  0  0  0  0  0  0  0  0  0  0  0  0  0  0  0  0   116
SiH3        0  3  0  0  0  0  1  0  0  0  0  0  0  0  0  0  0  0  0  0  0  0  0   117
l-C3H       0  1  0  3  0  0  0  0  0  0  0  0  0  0  0  0  0  0  0  0  0  0  0   118
C2N2        0  0  0  2  2  0  0  0  0  0  0  0  0  0  0  0  0  0  0  0  0  0  0   119
HC2N        0  1  0  2  1  0  0  0  0  0  0  0  0  0  0  0  0  0  0  0  0  0  0   120
N2H2        0  2  0  0  2  0  0  0  0  0  0  0  0  0  0  0  0  0  0  0  0  0  0   121
NO3         0  0  0  0  1  3  0  0  0  0  0  0  0  0  0  0  0  0  0  0  0  0  0   122
SO3         0  0  0  0  0  3  0  1  0  0  0  0  0  0  0  0  0  0  0  0  0  0  0   123
HC2O        0  1  0  2  0  1  0  0  0  0  0  0  0  0  0  0  0  0  0  0  0  0  0   124
HOCO        0  1  0  1  0  2  0  0  0  0  0  0  0  0  0  0  0  0  0  0  0  0  0   125
HNCO        0  1  0  1  1  1  0  0  0  0  0  0  0  0  0  0  0  0  0  0  0  0  0   126
HNCS        0  1  0  1  1  0  0  1  0  0  0  0  0  0  0  0  0  0  0  0  0  0  0   127
NCSH        0  1  0  1  1  0  0  1  0  0  0  0  0  0  0  0  0  0  0  0  0  0  0   128
HOCN        0  1  0  1  1  1  0  0  0  0  0  0  0  0  0  0  0  0  0  0  0  0  0   129
HCNO        0  1  0  1  1  1  0  0  0  0  0  0  0  0  0  0  0  0  0  0  0  0  0   130
HONC        0  1  0  1  1  1  0  0  0  0  0  0  0  0  0  0  0  0  0  0  0  0  0   131
HSCN        0  1  0  1  1  0  0  1  0  0  0  0  0  0  0  0  0  0  0  0  0  0  0   132
HCNS        0  1  0  1  1  0  0  1  0  0  0  0  0  0  0  0  0  0  0  0  0  0  0   133
HCCS        0  1  0  2  0  0  0  1  0  0  0  0  0  0  0  0  0  0  0  0  0  0  0   134
H2SO        0  2  0  0  0  1  0  1  0  0  0  0  0  0  0  0  0  0  0  0  0  0  0   135
H2CCN       0  2  0  2  1  0  0  0  0  0  0  0  0  0  0  0  0  0  0  0  0  0  0   136
H2CCO       0  2  0  2  0  1  0  0  0  0  0  0  0  0  0  0  0  0  0  0  0  0  0   137
C2H3        0  3  0  2  0  0  0  0  0  0  0  0  0  0  0  0  0  0  0  0  0  0  0   138
c-C3H2      0  2  0  3  0  0  0  0  0  0  0  0  0  0  0  0  0  0  0  0  0  0  0   139
C4H         0  1  0  4  0  0  0  0  0  0  0  0  0  0  0  0  0  0  0  0  0  0  0   140
C4N         0  0  0  4  1  0  0  0  0  0  0  0  0  0  0  0  0  0  0  0  0  0  0   141
C4P         0  0  0  4  0  0  0  0  0  0  0  0  1  0  0  0  0  0  0  0  0  0  0   142
C4S         0  0  0  4  0  0  0  1  0  0  0  0  0  0  0  0  0  0  0  0  0  0  0   143
C5          0  0  0  5  0  0  0  0  0  0  0  0  0  0  0  0  0  0  0  0  0  0  0   144
HCOOH       0  2  0  1  0  2  0  0  0  0  0  0  0  0  0  0  0  0  0  0  0  0  0   145
CH2PH       0  3  0  1  0  0  0  0  0  0  0  0  1  0  0  0  0  0  0  0  0  0  0   146
CH2NH       0  3  0  1  1  0  0  0  0  0  0  0  0  0  0  0  0  0  0  0  0  0  0   147
CH4         0  4  0  1  0  0  0  0  0  0  0  0  0  0  0  0  0  0  0  0  0  0  0   148
HCNCC       0  1  0  3  1  0  0  0  0  0  0  0  0  0  0  0  0  0  0  0  0  0  0   149
HCCNC       0  1  0  3  1  0  0  0  0  0  0  0  0  0  0  0  0  0  0  0  0  0  0   150
HC3N        0  1  0  3  1  0  0  0  0  0  0  0  0  0  0  0  0  0  0  0  0  0  0   151
HNCCC       0  1  0  3  1  0  0  0  0  0  0  0  0  0  0  0  0  0  0  0  0  0  0   152
NH2CN       0  2  0  1  2  0  0  0  0  0  0  0  0  0  0  0  0  0  0  0  0  0  0   153
c-HCCHSi    0  2  0  2  0  0  1  0  0  0  0  0  0  0  0  0  0  0  0  0  0  0  0   154
SiC3H       0  1  0  3  0  0  1  0  0  0  0  0  0  0  0  0  0  0  0  0  0  0  0   155
SiC4        0  0  0  4  0  0  1  0  0  0  0  0  0  0  0  0  0  0  0  0  0  0  0   156
SiCH3       0  3  0  1  0  0  1  0  0  0  0  0  0  0  0  0  0  0  0  0  0  0  0   157
SiH4        0  4  0  0  0  0  1  0  0  0  0  0  0  0  0  0  0  0  0  0  0  0  0   158
l-C3H2      0  2  0  3  0  0  0  0  0  0  0  0  0  0  0  0  0  0  0  0  0  0  0   159
CH2OH       0  3  0  1  0  1  0  0  0  0  0  0  0  0  0  0  0  0  0  0  0  0  0   160
CH3O        0  3  0  1  0  1  0  0  0  0  0  0  0  0  0  0  0  0  0  0  0  0  0   161
HC2N2       0  1  0  2  2  0  0  0  0  0  0  0  0  0  0  0  0  0  0  0  0  0  0   162
N2H3        0  3  0  0  2  0  0  0  0  0  0  0  0  0  0  0  0  0  0  0  0  0  0   163
HCOCO       0  1  0  2  0  2  0  0  0  0  0  0  0  0  0  0  0  0  0  0  0  0  0   164
CH3S        0  3  0  1  0  0  0  1  0  0  0  0  0  0  0  0  0  0  0  0  0  0  0   165
CH2SH       0  3  0  1  0  0  0  1  0  0  0  0  0  0  0  0  0  0  0  0  0  0  0   166
HC3S        0  1  0  3  0  0  0  1  0  0  0  0  0  0  0  0  0  0  0  0  0  0  0   167
H2CCS       0  2  0  2  0  0  0  1  0  0  0  0  0  0  0  0  0  0  0  0  0  0  0   168
t-C3H2      0  2  0  3  0  0  0  0  0  0  0  0  0  0  0  0  0  0  0  0  0  0  0   169
NH2CS       0  2  0  1  1  0  0  1  0  0  0  0  0  0  0  0  0  0  0  0  0  0  0   170
HNCSH       0  2  0  1  1  0  0  1  0  0  0  0  0  0  0  0  0  0  0  0  0  0  0   171
HSCHN       0  2  0  1  1  0  0  1  0  0  0  0  0  0  0  0  0  0  0  0  0  0  0   172
HNCHS       0  2  0  1  1  0  0  1  0  0  0  0  0  0  0  0  0  0  0  0  0  0  0   173
HC3O        0  1  0  3  0  1  0  0  0  0  0  0  0  0  0  0  0  0  0  0  0  0  0   174
HCOCN       0  1  0  2  1  1  0  0  0  0  0  0  0  0  0  0  0  0  0  0  0  0  0   175
NC4N        0  0  0  4  2  0  0  0  0  0  0  0  0  0  0  0  0  0  0  0  0  0  0   176
H2CSiCH     0  3  0  2  0  0  1  0  0  0  0  0  0  0  0  0  0  0  0  0  0  0  0   177
SiC4H       0  1  0  4  0  0  1  0  0  0  0  0  0  0  0  0  0  0  0  0  0  0  0   178
CH3CN       0  3  0  2  1  0  0  0  0  0  0  0  0  0  0  0  0  0  0  0  0  0  0   179
C2H4        0  4  0  2  0  0  0  0  0  0  0  0  0  0  0  0  0  0  0  0  0  0  0   180
CH2CCH      0  3  0  3  0  0  0  0  0  0  0  0  0  0  0  0  0  0  0  0  0  0  0   181
C4H2        0  2  0  4  0  0  0  0  0  0  0  0  0  0  0  0  0  0  0  0  0  0  0   182
C5H         0  1  0  5  0  0  0  0  0  0  0  0  0  0  0  0  0  0  0  0  0  0  0   183
C5N         0  0  0  5  1  0  0  0  0  0  0  0  0  0  0  0  0  0  0  0  0  0  0   184
C6          0  0  0  6  0  0  0  0  0  0  0  0  0  0  0  0  0  0  0  0  0  0  0   185
CH3OH       0  4  0  1  0  1  0  0  0  0  0  0  0  0  0  0  0  0  0  0  0  0  0   186
NH2CHO      0  3  0  1  1  1  0  0  0  0  0  0  0  0  0  0  0  0  0  0  0  0  0   187
HC4N        0  1  0  4  1  0  0  0  0  0  0  0  0  0  0  0  0  0  0  0  0  0  0   188
CH2NH2      0  4  0  1  1  0  0  0  0  0  0  0  0  0  0  0  0  0  0  0  0  0  0   189
CH3CO       0  3  0  2  0  1  0  0  0  0  0  0  0  0  0  0  0  0  0  0  0  0  0   190
CH3NH       0  4  0  1  1  0  0  0  0  0  0  0  0  0  0  0  0  0  0  0  0  0  0   191
H2C3N       0  2  0  3  1  0  0  0  0  0  0  0  0  0  0  0  0  0  0  0  0  0  0   192
N2H4        0  4  0  0  2  0  0  0  0  0  0  0  0  0  0  0  0  0  0  0  0  0  0   193
CH2CHO      0  3  0  2  0  1  0  0  0  0  0  0  0  0  0  0  0  0  0  0  0  0  0   194
C5O         0  0  0  5  0  1  0  0  0  0  0  0  0  0  0  0  0  0  0  0  0  0  0   195
HCOCHO      0  2  0  2  0  2  0  0  0  0  0  0  0  0  0  0  0  0  0  0  0  0  0   196
HCCCHO      0  2  0  3  0  1  0  0  0  0  0  0  0  0  0  0  0  0  0  0  0  0  0   197
CH3SH       0  4  0  1  0  0  0  1  0  0  0  0  0  0  0  0  0  0  0  0  0  0  0   198
NH2CHS      0  3  0  1  1  0  0  1  0  0  0  0  0  0  0  0  0  0  0  0  0  0  0   199
HCCCHS      0  2  0  3  0  0  0  1  0  0  0  0  0  0  0  0  0  0  0  0  0  0  0   200
C5S         0  0  0  5  0  0  0  1  0  0  0  0  0  0  0  0  0  0  0  0  0  0  0   201
H2C3S       0  2  0  3  0  0  0  1  0  0  0  0  0  0  0  0  0  0  0  0  0  0  0   202
HNCHSH      0  3  0  1  1  0  0  1  0  0  0  0  0  0  0  0  0  0  0  0  0  0  0   203
H2C3O       0  2  0  3  0  1  0  0  0  0  0  0  0  0  0  0  0  0  0  0  0  0  0   204
c-C3H2O     0  2  0  3  0  1  0  0  0  0  0  0  0  0  0  0  0  0  0  0  0  0  0   205
CH3CCH      0  4  0  3  0  0  0  0  0  0  0  0  0  0  0  0  0  0  0  0  0  0  0   206
SiC2CH3     0  3  0  3  0  0  1  0  0  0  0  0  0  0  0  0  0  0  0  0  0  0  0   207
CH3CHO      0  4  0  2  0  1  0  0  0  0  0  0  0  0  0  0  0  0  0  0  0  0  0   208
C2H5        0  5  0  2  0  0  0  0  0  0  0  0  0  0  0  0  0  0  0  0  0  0  0   209
CH2CHCN     0  3  0  3  1  0  0  0  0  0  0  0  0  0  0  0  0  0  0  0  0  0  0   210
C5H2        0  2  0  5  0  0  0  0  0  0  0  0  0  0  0  0  0  0  0  0  0  0  0   211
C6H         0  1  0  6  0  0  0  0  0  0  0  0  0  0  0  0  0  0  0  0  0  0  0   212
C7          0  0  0  7  0  0  0  0  0  0  0  0  0  0  0  0  0  0  0  0  0  0  0   213
CH3NH2      0  5  0  1  1  0  0  0  0  0  0  0  0  0  0  0  0  0  0  0  0  0  0   214
HC5N        0  1  0  5  1  0  0  0  0  0  0  0  0  0  0  0  0  0  0  0  0  0  0   215
C3H2CN      0  2  0  4  1  0  0  0  0  0  0  0  0  0  0  0  0  0  0  0  0  0  0   216
C4H3        0  3  0  4  0  0  0  0  0  0  0  0  0  0  0  0  0  0  0  0  0  0  0   217
CH2CCH2     0  4  0  3  0  0  0  0  0  0  0  0  0  0  0  0  0  0  0  0  0  0  0   218
C6N         0  0  0  6  1  0  0  0  0  0  0  0  0  0  0  0  0  0  0  0  0  0  0   219
CH3CHS      0  4  0  2  0  0  0  1  0  0  0  0  0  0  0  0  0  0  0  0  0  0  0   220
NH2CH2S     0  4  0  1  1  0  0  1  0  0  0  0  0  0  0  0  0  0  0  0  0  0  0   221
NH2CHSH     0  4  0  1  1  0  0  1  0  0  0  0  0  0  0  0  0  0  0  0  0  0  0   222
CH3NCO      0  3  0  2  1  1  0  0  0  0  0  0  0  0  0  0  0  0  0  0  0  0  0   223
NC6N        0  0  0  6  2  0  0  0  0  0  0  0  0  0  0  0  0  0  0  0  0  0  0   224
C4H4        0  4  0  4  0  0  0  0  0  0  0  0  0  0  0  0  0  0  0  0  0  0  0   225
SiC6H       0  1  0  6  0  0  1  0  0  0  0  0  0  0  0  0  0  0  0  0  0  0  0   226
C6H2        0  2  0  6  0  0  0  0  0  0  0  0  0  0  0  0  0  0  0  0  0  0  0   227
C7H         0  1  0  7  0  0  0  0  0  0  0  0  0  0  0  0  0  0  0  0  0  0  0   228
C7N         0  0  0  7  1  0  0  0  0  0  0  0  0  0  0  0  0  0  0  0  0  0  0   229
C8          0  0  0  8  0  0  0  0  0  0  0  0  0  0  0  0  0  0  0  0  0  0  0   230
CH3C3N      0  3  0  4  1  0  0  0  0  0  0  0  0  0  0  0  0  0  0  0  0  0  0   231
HCOOCH3     0  4  0  2  0  2  0  0  0  0  0  0  0  0  0  0  0  0  0  0  0  0  0   232
HC6N        0  1  0  6  1  0  0  0  0  0  0  0  0  0  0  0  0  0  0  0  0  0  0   233
C2H3NH2     0  5  0  2  1  0  0  0  0  0  0  0  0  0  0  0  0  0  0  0  0  0  0   234
C2H6        0  6  0  2  0  0  0  0  0  0  0  0  0  0  0  0  0  0  0  0  0  0  0   235
C3H5        0  5  0  3  0  0  0  0  0  0  0  0  0  0  0  0  0  0  0  0  0  0  0   236
C4H2CN      0  2  0  5  1  0  0  0  0  0  0  0  0  0  0  0  0  0  0  0  0  0  0   237
C5H3        0  3  0  5  0  0  0  0  0  0  0  0  0  0  0  0  0  0  0  0  0  0  0   238
CH3OCH2     0  5  0  2  0  1  0  0  0  0  0  0  0  0  0  0  0  0  0  0  0  0  0   239
C7O         0  0  0  7  0  1  0  0  0  0  0  0  0  0  0  0  0  0  0  0  0  0  0   240
NH2CH2SH    0  5  0  1  1  0  0  1  0  0  0  0  0  0  0  0  0  0  0  0  0  0  0   241
C2H3CHO     0  4  0  3  0  1  0  0  0  0  0  0  0  0  0  0  0  0  0  0  0  0  0   242
CH3COCN     0  3  0  3  1  1  0  0  0  0  0  0  0  0  0  0  0  0  0  0  0  0  0   243
CH3CHCH2    0  6  0  3  0  0  0  0  0  0  0  0  0  0  0  0  0  0  0  0  0  0  0   244
SiC3H5      0  5  0  3  0  0  1  0  0  0  0  0  0  0  0  0  0  0  0  0  0  0  0   245
CH3CH2OH    0  6  0  2  0  1  0  0  0  0  0  0  0  0  0  0  0  0  0  0  0  0  0   246
C7H2        0  2  0  7  0  0  0  0  0  0  0  0  0  0  0  0  0  0  0  0  0  0  0   247
C8H         0  1  0  8  0  0  0  0  0  0  0  0  0  0  0  0  0  0  0  0  0  0  0   248
C9          0  0  0  9  0  0  0  0  0  0  0  0  0  0  0  0  0  0  0  0  0  0  0   249
CH3C4H      0  4  0  5  0  0  0  0  0  0  0  0  0  0  0  0  0  0  0  0  0  0  0   250
CH3OCH3     0  6  0  2  0  1  0  0  0  0  0  0  0  0  0  0  0  0  0  0  0  0  0   251
HC7N        0  1  0  7  1  0  0  0  0  0  0  0  0  0  0  0  0  0  0  0  0  0  0   252
C4H3CN      0  3  0  5  1  0  0  0  0  0  0  0  0  0  0  0  0  0  0  0  0  0  0   253
C4H5        0  5  0  4  0  0  0  0  0  0  0  0  0  0  0  0  0  0  0  0  0  0  0   254
C6H3        0  3  0  6  0  0  0  0  0  0  0  0  0  0  0  0  0  0  0  0  0  0  0   255
C8N         0  0  0  8  1  0  0  0  0  0  0  0  0  0  0  0  0  0  0  0  0  0  0   256
C5H4        0  4  0  5  0  0  0  0  0  0  0  0  0  0  0  0  0  0  0  0  0  0  0   257
NC8N        0  0  0  8  2  0  0  0  0  0  0  0  0  0  0  0  0  0  0  0  0  0  0   258
CH2CHCHCH2  0  6  0  4  0  0  0  0  0  0  0  0  0  0  0  0  0  0  0  0  0  0  0   259
SiC8H       0  1  0  8  0  0  1  0  0  0  0  0  0  0  0  0  0  0  0  0  0  0  0   260
HC8N        0  1  0  8  1  0  0  0  0  0  0  0  0  0  0  0  0  0  0  0  0  0  0   261
CH3COCH3    0  6  0  3  0  1  0  0  0  0  0  0  0  0  0  0  0  0  0  0  0  0  0   262
C8H2        0  2  0  8  0  0  0  0  0  0  0  0  0  0  0  0  0  0  0  0  0  0  0   263
C9H         0  1  0  9  0  0  0  0  0  0  0  0  0  0  0  0  0  0  0  0  0  0  0   264
C10         0  0  0 10  0  0  0  0  0  0  0  0  0  0  0  0  0  0  0  0  0  0  0   265
C9N         0  0  0  9  1  0  0  0  0  0  0  0  0  0  0  0  0  0  0  0  0  0  0   266
CH3C5N      0  3  0  6  1  0  0  0  0  0  0  0  0  0  0  0  0  0  0  0  0  0  0   267
C3H7        0  7  0  3  0  0  0  0  0  0  0  0  0  0  0  0  0  0  0  0  0  0  0   268
C3H5CN      0  5  0  4  1  0  0  0  0  0  0  0  0  0  0  0  0  0  0  0  0  0  0   269
C5H5        0  5  0  5  0  0  0  0  0  0  0  0  0  0  0  0  0  0  0  0  0  0  0   270
C6H4        0  4  0  6  0  0  0  0  0  0  0  0  0  0  0  0  0  0  0  0  0  0  0   271
C7H3        0  3  0  7  0  0  0  0  0  0  0  0  0  0  0  0  0  0  0  0  0  0  0   272
C9O         0  0  0  9  0  1  0  0  0  0  0  0  0  0  0  0  0  0  0  0  0  0  0   273
C2H5CHO     0  6  0  3  0  1  0  0  0  0  0  0  0  0  0  0  0  0  0  0  0  0  0   274
C10H        0  1  0 10  0  0  0  0  0  0  0  0  0  0  0  0  0  0  0  0  0  0  0   275
C11         0  0  0 11  0  0  0  0  0  0  0  0  0  0  0  0  0  0  0  0  0  0  0   276
C9H2        0  2  0  9  0  0  0  0  0  0  0  0  0  0  0  0  0  0  0  0  0  0  0   277
CH3C6H      0  4  0  7  0  0  0  0  0  0  0  0  0  0  0  0  0  0  0  0  0  0  0   278
HC9N        0  1  0  9  1  0  0  0  0  0  0  0  0  0  0  0  0  0  0  0  0  0  0   279
C3H8        0  8  0  3  0  0  0  0  0  0  0  0  0  0  0  0  0  0  0  0  0  0  0   280
C4H7        0  7  0  4  0  0  0  0  0  0  0  0  0  0  0  0  0  0  0  0  0  0  0   281
C5H6        0  6  0  5  0  0  0  0  0  0  0  0  0  0  0  0  0  0  0  0  0  0  0   282
C7H4        0  4  0  7  0  0  0  0  0  0  0  0  0  0  0  0  0  0  0  0  0  0  0   283
C8H3        0  3  0  8  0  0  0  0  0  0  0  0  0  0  0  0  0  0  0  0  0  0  0   284
c-C6H5      0  5  0  6  0  0  0  0  0  0  0  0  0  0  0  0  0  0  0  0  0  0  0   285
C10N        0  0  0 10  1  0  0  0  0  0  0  0  0  0  0  0  0  0  0  0  0  0  0   286
CH3C7N      0  3  0  8  1  0  0  0  0  0  0  0  0  0  0  0  0  0  0  0  0  0  0   287
C6H6        0  6  0  6  0  0  0  0  0  0  0  0  0  0  0  0  0  0  0  0  0  0  0   288
C10H2       0  2  0 10  0  0  0  0  0  0  0  0  0  0  0  0  0  0  0  0  0  0  0   289
C4H8        0  8  0  4  0  0  0  0  0  0  0  0  0  0  0  0  0  0  0  0  0  0  0   290
C5H7        0  7  0  5  0  0  0  0  0  0  0  0  0  0  0  0  0  0  0  0  0  0  0   291
C7H5        0  5  0  7  0  0  0  0  0  0  0  0  0  0  0  0  0  0  0  0  0  0  0   292
C8H4        0  4  0  8  0  0  0  0  0  0  0  0  0  0  0  0  0  0  0  0  0  0  0   293
C9H3        0  3  0  9  0  0  0  0  0  0  0  0  0  0  0  0  0  0  0  0  0  0  0   294
C4H9        0  9  0  4  0  0  0  0  0  0  0  0  0  0  0  0  0  0  0  0  0  0  0   295
C5H8        0  8  0  5  0  0  0  0  0  0  0  0  0  0  0  0  0  0  0  0  0  0  0   296
C6H7        0  7  0  6  0  0  0  0  0  0  0  0  0  0  0  0  0  0  0  0  0  0  0   297
C7H6        0  6  0  7  0  0  0  0  0  0  0  0  0  0  0  0  0  0  0  0  0  0  0   298
C9H4        0  4  0  9  0  0  0  0  0  0  0  0  0  0  0  0  0  0  0  0  0  0  0   299
C4H10       0 10  0  4  0  0  0  0  0  0  0  0  0  0  0  0  0  0  0  0  0  0  0   300
C5H9        0  9  0  5  0  0  0  0  0  0  0  0  0  0  0  0  0  0  0  0  0  0  0   301
C6H8        0  8  0  6  0  0  0  0  0  0  0  0  0  0  0  0  0  0  0  0  0  0  0   302
C7H7        0  7  0  7  0  0  0  0  0  0  0  0  0  0  0  0  0  0  0  0  0  0  0   303
C8H6        0  6  0  8  0  0  0  0  0  0  0  0  0  0  0  0  0  0  0  0  0  0  0   304
C5H10       0 10  0  5  0  0  0  0  0  0  0  0  0  0  0  0  0  0  0  0  0  0  0   305
C6H9        0  9  0  6  0  0  0  0  0  0  0  0  0  0  0  0  0  0  0  0  0  0  0   306
C7H8        0  8  0  7  0  0  0  0  0  0  0  0  0  0  0  0  0  0  0  0  0  0  0   307
C5H11       0 11  0  5  0  0  0  0  0  0  0  0  0  0  0  0  0  0  0  0  0  0  0   308
C6H10       0 10  0  6  0  0  0  0  0  0  0  0  0  0  0  0  0  0  0  0  0  0  0   309
C7H9        0  9  0  7  0  0  0  0  0  0  0  0  0  0  0  0  0  0  0  0  0  0  0   310
C5H12       0 12  0  5  0  0  0  0  0  0  0  0  0  0  0  0  0  0  0  0  0  0  0   311
C6H11       0 11  0  6  0  0  0  0  0  0  0  0  0  0  0  0  0  0  0  0  0  0  0   312
C7H10       0 10  0  7  0  0  0  0  0  0  0  0  0  0  0  0  0  0  0  0  0  0  0   313
C6H12       0 12  0  6  0  0  0  0  0  0  0  0  0  0  0  0  0  0  0  0  0  0  0   314
C6H13       0 13  0  6  0  0  0  0  0  0  0  0  0  0  0  0  0  0  0  0  0  0  0   315
C6H14       0 14  0  6  0  0  0  0  0  0  0  0  0  0  0  0  0  0  0  0  0  0  0   316
C14H10      0 10  0 14  0  0  0  0  0  0  0  0  0  0  0  0  0  0  0  0  0  0  0   317
C+          1  0  0  1  0  0  0  0  0  0  0  0  0  0  0  0  0  0  0  0  0  0  0   318
Cl+         1  0  0  0  0  0  0  0  0  0  0  1  0  0  0  0  0  0  0  0  0  0  0   319
F+          1  0  0  0  0  0  0  0  0  0  0  0  0  1  0  0  0  0  0  0  0  0  0   320
Fe+         1  0  0  0  0  0  0  0  1  0  0  0  0  0  0  0  0  0  0  0  0  0  0   321
H+          1  1  0  0  0  0  0  0  0  0  0  0  0  0  0  0  0  0  0  0  0  0  0   322
He+         1  0  1  0  0  0  0  0  0  0  0  0  0  0  0  0  0  0  0  0  0  0  0   323
Mg+         1  0  0  0  0  0  0  0  0  0  1  0  0  0  0  0  0  0  0  0  0  0  0   324
N+          1  0  0  0  1  0  0  0  0  0  0  0  0  0  0  0  0  0  0  0  0  0  0   325
Na+         1  0  0  0  0  0  0  0  0  1  0  0  0  0  0  0  0  0  0  0  0  0  0   326
O+          1  0  0  0  0  1  0  0  0  0  0  0  0  0  0  0  0  0  0  0  0  0  0   327
P+          1  0  0  0  0  0  0  0  0  0  0  0  1  0  0  0  0  0  0  0  0  0  0   328
S+          1  0  0  0  0  0  0  1  0  0  0  0  0  0  0  0  0  0  0  0  0  0  0   329
Si+         1  0  0  0  0  0  1  0  0  0  0  0  0  0  0  0  0  0  0  0  0  0  0   330
C-         -1  0  0  1  0  0  0  0  0  0  0  0  0  0  0  0  0  0  0  0  0  0  0   331
H-         -1  1  0  0  0  0  0  0  0  0  0  0  0  0  0  0  0  0  0  0  0  0  0   332
O-         -1  0  0  0  0  1  0  0  0  0  0  0  0  0  0  0  0  0  0  0  0  0  0   333
S-         -1  0  0  0  0  0  0  1  0  0  0  0  0  0  0  0  0  0  0  0  0  0  0   334
e-         -1  0  0  0  0  0  0  0  0  0  0  0  0  0  0  0  0  0  0  0  0  0  0   335
C2+         1  0  0  2  0  0  0  0  0  0  0  0  0  0  0  0  0  0  0  0  0  0  0   336
CCl+        1  0  0  1  0  0  0  0  0  0  0  1  0  0  0  0  0  0  0  0  0  0  0   337
CF+         1  0  0  1  0  0  0  0  0  0  0  0  0  1  0  0  0  0  0  0  0  0  0   338
CH+         1  1  0  1  0  0  0  0  0  0  0  0  0  0  0  0  0  0  0  0  0  0  0   339
ClO+        1  0  0  0  0  1  0  0  0  0  0  1  0  0  0  0  0  0  0  0  0  0  0   340
CN+         1  0  0  1  1  0  0  0  0  0  0  0  0  0  0  0  0  0  0  0  0  0  0   341
CO+         1  0  0  1  0  1  0  0  0  0  0  0  0  0  0  0  0  0  0  0  0  0  0   342
CP+         1  0  0  1  0  0  0  0  0  0  0  0  1  0  0  0  0  0  0  0  0  0  0   343
CS+         1  0  0  1  0  0  0  1  0  0  0  0  0  0  0  0  0  0  0  0  0  0  0   344
H2+         1  2  0  0  0  0  0  0  0  0  0  0  0  0  0  0  0  0  0  0  0  0  0   345
HCl+        1  1  0  0  0  0  0  0  0  0  0  1  0  0  0  0  0  0  0  0  0  0  0   346
HF+         1  1  0  0  0  0  0  0  0  0  0  0  0  1  0  0  0  0  0  0  0  0  0   347
HeH+        1  1  1  0  0  0  0  0  0  0  0  0  0  0  0  0  0  0  0  0  0  0  0   348
HS+         1  1  0  0  0  0  0  1  0  0  0  0  0  0  0  0  0  0  0  0  0  0  0   349
N2+         1  0  0  0  2  0  0  0  0  0  0  0  0  0  0  0  0  0  0  0  0  0  0   350
NH+         1  1  0  0  1  0  0  0  0  0  0  0  0  0  0  0  0  0  0  0  0  0  0   351
NO+         1  0  0  0  1  1  0  0  0  0  0  0  0  0  0  0  0  0  0  0  0  0  0   352
NS+         1  0  0  0  1  0  0  1  0  0  0  0  0  0  0  0  0  0  0  0  0  0  0   353
O2+         1  0  0  0  0  2  0  0  0  0  0  0  0  0  0  0  0  0  0  0  0  0  0   354
OH+         1  1  0  0  0  1  0  0  0  0  0  0  0  0  0  0  0  0  0  0  0  0  0   355
PH+         1  1  0  0  0  0  0  0  0  0  0  0  1  0  0  0  0  0  0  0  0  0  0   356
PN+         1  0  0  0  1  0  0  0  0  0  0  0  1  0  0  0  0  0  0  0  0  0  0   357
PO+         1  0  0  0  0  1  0  0  0  0  0  0  1  0  0  0  0  0  0  0  0  0  0   358
S2+         1  0  0  0  0  0  0  2  0  0  0  0  0  0  0  0  0  0  0  0  0  0  0   359
SiC+        1  0  0  1  0  0  1  0  0  0  0  0  0  0  0  0  0  0  0  0  0  0  0   360
SiH+        1  1  0  0  0  0  1  0  0  0  0  0  0  0  0  0  0  0  0  0  0  0  0   361
SiN+        1  0  0  0  1  0  1  0  0  0  0  0  0  0  0  0  0  0  0  0  0  0  0   362
SiO+        1  0  0  0  0  1  1  0  0  0  0  0  0  0  0  0  0  0  0  0  0  0  0   363
SiS+        1  0  0  0  0  0  1  1  0  0  0  0  0  0  0  0  0  0  0  0  0  0  0   364
SiF+        1  0  0  0  0  0  1  0  0  0  0  0  0  1  0  0  0  0  0  0  0  0  0   365
SO+         1  0  0  0  0  1  0  1  0  0  0  0  0  0  0  0  0  0  0  0  0  0  0   366
CN-        -1  0  0  1  1  0  0  0  0  0  0  0  0  0  0  0  0  0  0  0  0  0  0   367
OH-        -1  1  0  0  0  1  0  0  0  0  0  0  0  0  0  0  0  0  0  0  0  0  0   368
H2+(J=1)    1  2  0  0  0  0  0  0  0  0  0  0  0  0  0  0  0  0  0  0  0  0  0   369
H2+(J=2)    1  2  0  0  0  0  0  0  0  0  0  0  0  0  0  0  0  0  0  0  0  0  0   370
H2+(J=3)    1  2  0  0  0  0  0  0  0  0  0  0  0  0  0  0  0  0  0  0  0  0  0   371
H2+(J=4)    1  2  0  0  0  0  0  0  0  0  0  0  0  0  0  0  0  0  0  0  0  0  0   372
H2+(J=5)    1  2  0  0  0  0  0  0  0  0  0  0  0  0  0  0  0  0  0  0  0  0  0   373
H2+(J=6)    1  2  0  0  0  0  0  0  0  0  0  0  0  0  0  0  0  0  0  0  0  0  0   374
H2+(J=7)    1  2  0  0  0  0  0  0  0  0  0  0  0  0  0  0  0  0  0  0  0  0  0   375
H2+(J=8)    1  2  0  0  0  0  0  0  0  0  0  0  0  0  0  0  0  0  0  0  0  0  0   376
H2+(J=9)    1  2  0  0  0  0  0  0  0  0  0  0  0  0  0  0  0  0  0  0  0  0  0   377
H2+(J=10)   1  2  0  0  0  0  0  0  0  0  0  0  0  0  0  0  0  0  0  0  0  0  0   378
C2H+        1  1  0  2  0  0  0  0  0  0  0  0  0  0  0  0  0  0  0  0  0  0  0   379
C2N+        1  0  0  2  1  0  0  0  0  0  0  0  0  0  0  0  0  0  0  0  0  0  0   380
C2O+        1  0  0  2  0  1  0  0  0  0  0  0  0  0  0  0  0  0  0  0  0  0  0   381
C2S+        1  0  0  2  0  0  0  1  0  0  0  0  0  0  0  0  0  0  0  0  0  0  0   382
C3+         1  0  0  3  0  0  0  0  0  0  0  0  0  0  0  0  0  0  0  0  0  0  0   383
CCP+        1  0  0  2  0  0  0  0  0  0  0  0  1  0  0  0  0  0  0  0  0  0  0   384
CH2+        1  2  0  1  0  0  0  0  0  0  0  0  0  0  0  0  0  0  0  0  0  0  0   385
CHSi+       1  1  0  1  0  0  1  0  0  0  0  0  0  0  0  0  0  0  0  0  0  0  0   386
CNC+        1  0  0  2  1  0  0  0  0  0  0  0  0  0  0  0  0  0  0  0  0  0  0   387
CO2+        1  0  0  1  0  2  0  0  0  0  0  0  0  0  0  0  0  0  0  0  0  0  0   388
H2Cl+       1  2  0  0  0  0  0  0  0  0  0  1  0  0  0  0  0  0  0  0  0  0  0   389
H2F+        1  2  0  0  0  0  0  0  0  0  0  0  0  1  0  0  0  0  0  0  0  0  0   390
H2O+        1  2  0  0  0  1  0  0  0  0  0  0  0  0  0  0  0  0  0  0  0  0  0   391
H2S+        1  2  0  0  0  0  0  1  0  0  0  0  0  0  0  0  0  0  0  0  0  0  0   392
H3+         1  3  0  0  0  0  0  0  0  0  0  0  0  0  0  0  0  0  0  0  0  0  0   393
HCN+        1  1  0  1  1  0  0  0  0  0  0  0  0  0  0  0  0  0  0  0  0  0  0   394
HCO+        1  1  0  1  0  1  0  0  0  0  0  0  0  0  0  0  0  0  0  0  0  0  0   395
HCP+        1  1  0  1  0  0  0  0  0  0  0  0  1  0  0  0  0  0  0  0  0  0  0   396
HCS+        1  1  0  1  0  0  0  1  0  0  0  0  0  0  0  0  0  0  0  0  0  0  0   397
HNC+        1  1  0  1  1  0  0  0  0  0  0  0  0  0  0  0  0  0  0  0  0  0  0   398
HNO+        1  1  0  0  1  1  0  0  0  0  0  0  0  0  0  0  0  0  0  0  0  0  0   399
HNS+        1  1  0  0  1  0  0  1  0  0  0  0  0  0  0  0  0  0  0  0  0  0  0   400
HNSi+       1  1  0  0  1  0  1  0  0  0  0  0  0  0  0  0  0  0  0  0  0  0  0   401
HOC+        1  1  0  1  0  1  0  0  0  0  0  0  0  0  0  0  0  0  0  0  0  0  0   402
HPN+        1  1  0  0  1  0  0  0  0  0  0  0  1  0  0  0  0  0  0  0  0  0  0   403
HPO+        1  1  0  0  0  1  0  0  0  0  0  0  1  0  0  0  0  0  0  0  0  0  0   404
HSiO+       1  1  0  0  0  1  1  0  0  0  0  0  0  0  0  0  0  0  0  0  0  0  0   405
HSiS+       1  1  0  0  0  0  1  1  0  0  0  0  0  0  0  0  0  0  0  0  0  0  0   406
HSO+        1  1  0  0  0  1  0  1  0  0  0  0  0  0  0  0  0  0  0  0  0  0  0   407
N2H+        1  1  0  0  2  0  0  0  0  0  0  0  0  0  0  0  0  0  0  0  0  0  0   408
NaH2+       1  2  0  0  0  0  0  0  0  1  0  0  0  0  0  0  0  0  0  0  0  0  0   409
NCO+        1  0  0  1  1  1  0  0  0  0  0  0  0  0  0  0  0  0  0  0  0  0  0   410
NH2+        1  2  0  0  1  0  0  0  0  0  0  0  0  0  0  0  0  0  0  0  0  0  0   411
NO2+        1  0  0  0  1  2  0  0  0  0  0  0  0  0  0  0  0  0  0  0  0  0  0   412
HO2+        1  1  0  0  0  2  0  0  0  0  0  0  0  0  0  0  0  0  0  0  0  0  0   413
OCS+        1  0  0  1  0  1  0  1  0  0  0  0  0  0  0  0  0  0  0  0  0  0  0   414
PH2+        1  2  0  0  0  0  0  0  0  0  0  0  1  0  0  0  0  0  0  0  0  0  0   415
HS2+        1  1  0  0  0  0  0  2  0  0  0  0  0  0  0  0  0  0  0  0  0  0  0   416
SiC2+       1  0  0  2  0  0  1  0  0  0  0  0  0  0  0  0  0  0  0  0  0  0  0   417
SiH2+       1  2  0  0  0  0  1  0  0  0  0  0  0  0  0  0  0  0  0  0  0  0  0   418
SiNC+       1  0  0  1  1  0  1  0  0  0  0  0  0  0  0  0  0  0  0  0  0  0  0   419
SO2+        1  0  0  0  0  2  0  1  0  0  0  0  0  0  0  0  0  0  0  0  0  0  0   420
C3-        -1  0  0  3  0  0  0  0  0  0  0  0  0  0  0  0  0  0  0  0  0  0  0   421
NH2-       -1  2  0  0  1  0  0  0  0  0  0  0  0  0  0  0  0  0  0  0  0  0  0   422
CSH+        1  1  0  1  0  0  0  1  0  0  0  0  0  0  0  0  0  0  0  0  0  0  0   423
NCS+        1  0  0  1  1  0  0  1  0  0  0  0  0  0  0  0  0  0  0  0  0  0  0   424
C2H2+       1  2  0  2  0  0  0  0  0  0  0  0  0  0  0  0  0  0  0  0  0  0  0   425
C2HO+       1  1  0  2  0  1  0  0  0  0  0  0  0  0  0  0  0  0  0  0  0  0  0   426
C2N2+       1  0  0  2  2  0  0  0  0  0  0  0  0  0  0  0  0  0  0  0  0  0  0   427
HC2N+       1  1  0  2  1  0  0  0  0  0  0  0  0  0  0  0  0  0  0  0  0  0  0   428
C3H+        1  1  0  3  0  0  0  0  0  0  0  0  0  0  0  0  0  0  0  0  0  0  0   429
C3N+        1  0  0  3  1  0  0  0  0  0  0  0  0  0  0  0  0  0  0  0  0  0  0   430
C3O+        1  0  0  3  0  1  0  0  0  0  0  0  0  0  0  0  0  0  0  0  0  0  0   431
C3S+        1  0  0  3  0  0  0  1  0  0  0  0  0  0  0  0  0  0  0  0  0  0  0   432
C4+         1  0  0  4  0  0  0  0  0  0  0  0  0  0  0  0  0  0  0  0  0  0  0   433
CH2Si+      1  2  0  1  0  0  1  0  0  0  0  0  0  0  0  0  0  0  0  0  0  0  0   434
CH3+        1  3  0  1  0  0  0  0  0  0  0  0  0  0  0  0  0  0  0  0  0  0  0   435
H2CCl+      1  2  0  1  0  0  0  0  0  0  0  1  0  0  0  0  0  0  0  0  0  0  0   436
HCNH+       1  2  0  1  1  0  0  0  0  0  0  0  0  0  0  0  0  0  0  0  0  0  0   437
H2CO+       1  2  0  1  0  1  0  0  0  0  0  0  0  0  0  0  0  0  0  0  0  0  0   438
H2CS+       1  2  0  1  0  0  0  1  0  0  0  0  0  0  0  0  0  0  0  0  0  0  0   439
H2NC+       1  2  0  1  1  0  0  0  0  0  0  0  0  0  0  0  0  0  0  0  0  0  0   440
H2NO+       1  2  0  0  1  1  0  0  0  0  0  0  0  0  0  0  0  0  0  0  0  0  0   441
H2PO+       1  2  0  0  0  1  0  0  0  0  0  0  1  0  0  0  0  0  0  0  0  0  0   442
H2S2+       1  2  0  0  0  0  0  2  0  0  0  0  0  0  0  0  0  0  0  0  0  0  0   443
H2SiO+      1  2  0  0  0  1  1  0  0  0  0  0  0  0  0  0  0  0  0  0  0  0  0   444
H3O+        1  3  0  0  0  1  0  0  0  0  0  0  0  0  0  0  0  0  0  0  0  0  0   445
H3S+        1  3  0  0  0  0  0  1  0  0  0  0  0  0  0  0  0  0  0  0  0  0  0   446
HC2S+       1  1  0  2  0  0  0  1  0  0  0  0  0  0  0  0  0  0  0  0  0  0  0   447
HOCO+       1  1  0  1  0  2  0  0  0  0  0  0  0  0  0  0  0  0  0  0  0  0  0   448
HNCO+       1  1  0  1  1  1  0  0  0  0  0  0  0  0  0  0  0  0  0  0  0  0  0   449
HOCS+       1  1  0  1  0  1  0  1  0  0  0  0  0  0  0  0  0  0  0  0  0  0  0   450
HSiO2+      1  1  0  0  0  2  1  0  0  0  0  0  0  0  0  0  0  0  0  0  0  0  0   451
HSO2+       1  1  0  0  0  2  0  1  0  0  0  0  0  0  0  0  0  0  0  0  0  0  0   452
NaH2O+      1  2  0  0  0  1  0  0  0  1  0  0  0  0  0  0  0  0  0  0  0  0  0   453
NH3+        1  3  0  0  1  0  0  0  0  0  0  0  0  0  0  0  0  0  0  0  0  0  0   454
PC2H+       1  1  0  2  0  0  0  0  0  0  0  0  1  0  0  0  0  0  0  0  0  0  0   455
PCH2+       1  2  0  1  0  0  0  0  0  0  0  0  1  0  0  0  0  0  0  0  0  0  0   456
PH3+        1  3  0  0  0  0  0  0  0  0  0  0  1  0  0  0  0  0  0  0  0  0  0   457
PNH2+       1  2  0  0  1  0  0  0  0  0  0  0  1  0  0  0  0  0  0  0  0  0  0   458
SiC2H+      1  1  0  2  0  0  1  0  0  0  0  0  0  0  0  0  0  0  0  0  0  0  0   459
l-SiC3+     1  0  0  3  0  0  1  0  0  0  0  0  0  0  0  0  0  0  0  0  0  0  0   460
SiH3+       1  3  0  0  0  0  1  0  0  0  0  0  0  0  0  0  0  0  0  0  0  0  0   461
SiNCH+      1  1  0  1  1  0  1  0  0  0  0  0  0  0  0  0  0  0  0  0  0  0  0   462
HSiNH+      1  2  0  0  1  0  1  0  0  0  0  0  0  0  0  0  0  0  0  0  0  0  0   463
C4-        -1  0  0  4  0  0  0  0  0  0  0  0  0  0  0  0  0  0  0  0  0  0  0   464
C3N-       -1  0  0  3  1  0  0  0  0  0  0  0  0  0  0  0  0  0  0  0  0  0  0   465
HN2O+       1  1  0  0  2  1  0  0  0  0  0  0  0  0  0  0  0  0  0  0  0  0  0   466
HNCS+       1  1  0  1  1  0  0  1  0  0  0  0  0  0  0  0  0  0  0  0  0  0  0   467
NCSH+       1  1  0  1  1  0  0  1  0  0  0  0  0  0  0  0  0  0  0  0  0  0  0   468
HOCN+       1  1  0  1  1  1  0  0  0  0  0  0  0  0  0  0  0  0  0  0  0  0  0   469
HCNO+       1  1  0  1  1  1  0  0  0  0  0  0  0  0  0  0  0  0  0  0  0  0  0   470
HONC+       1  1  0  1  1  1  0  0  0  0  0  0  0  0  0  0  0  0  0  0  0  0  0   471
HCNS+       1  1  0  1  1  0  0  1  0  0  0  0  0  0  0  0  0  0  0  0  0  0  0   472
HSCN+       1  1  0  1  1  0  0  1  0  0  0  0  0  0  0  0  0  0  0  0  0  0  0   473
CH2CN+      1  2  0  2  1  0  0  0  0  0  0  0  0  0  0  0  0  0  0  0  0  0  0   474
H2CCO+      1  2  0  2  0  1  0  0  0  0  0  0  0  0  0  0  0  0  0  0  0  0  0   475
C2H3+       1  3  0  2  0  0  0  0  0  0  0  0  0  0  0  0  0  0  0  0  0  0  0   476
c-C3H2+     1  2  0  3  0  0  0  0  0  0  0  0  0  0  0  0  0  0  0  0  0  0  0   477
HC3N+       1  1  0  3  1  0  0  0  0  0  0  0  0  0  0  0  0  0  0  0  0  0  0   478
C4H+        1  1  0  4  0  0  0  0  0  0  0  0  0  0  0  0  0  0  0  0  0  0  0   479
C4N+        1  0  0  4  1  0  0  0  0  0  0  0  0  0  0  0  0  0  0  0  0  0  0   480
C4P+        1  0  0  4  0  0  0  0  0  0  0  0  1  0  0  0  0  0  0  0  0  0  0   481
C4S+        1  0  0  4  0  0  0  1  0  0  0  0  0  0  0  0  0  0  0  0  0  0  0   482
C5+         1  0  0  5  0  0  0  0  0  0  0  0  0  0  0  0  0  0  0  0  0  0  0   483
HCOOH+      1  2  0  1  0  2  0  0  0  0  0  0  0  0  0  0  0  0  0  0  0  0  0   484
CH4+        1  4  0  1  0  0  0  0  0  0  0  0  0  0  0  0  0  0  0  0  0  0  0   485
H2COH+      1  3  0  1  0  1  0  0  0  0  0  0  0  0  0  0  0  0  0  0  0  0  0   486
H2CSH+      1  3  0  1  0  0  0  1  0  0  0  0  0  0  0  0  0  0  0  0  0  0  0   487
H3S2+       1  3  0  0  0  0  0  2  0  0  0  0  0  0  0  0  0  0  0  0  0  0  0   488
H3SiO+      1  3  0  0  0  1  1  0  0  0  0  0  0  0  0  0  0  0  0  0  0  0  0   489
HC3O+       1  1  0  3  0  1  0  0  0  0  0  0  0  0  0  0  0  0  0  0  0  0  0   490
HC3S+       1  1  0  3  0  0  0  1  0  0  0  0  0  0  0  0  0  0  0  0  0  0  0   491
NH4+        1  4  0  0  1  0  0  0  0  0  0  0  0  0  0  0  0  0  0  0  0  0  0   492
PC2H2+      1  2  0  2  0  0  0  0  0  0  0  0  1  0  0  0  0  0  0  0  0  0  0   493
PC3H+       1  1  0  3  0  0  0  0  0  0  0  0  1  0  0  0  0  0  0  0  0  0  0   494
PCH3+       1  3  0  1  0  0  0  0  0  0  0  0  1  0  0  0  0  0  0  0  0  0  0   495
PNH3+       1  3  0  0  1  0  0  0  0  0  0  0  1  0  0  0  0  0  0  0  0  0  0   496
SiC2H2+     1  2  0  2  0  0  1  0  0  0  0  0  0  0  0  0  0  0  0  0  0  0  0   497
SiC3H+      1  1  0  3  0  0  1  0  0  0  0  0  0  0  0  0  0  0  0  0  0  0  0   498
SiC4+       1  0  0  4  0  0  1  0  0  0  0  0  0  0  0  0  0  0  0  0  0  0  0   499
SiCH3+      1  3  0  1  0  0  1  0  0  0  0  0  0  0  0  0  0  0  0  0  0  0  0   500
SiH4+       1  4  0  0  0  0  1  0  0  0  0  0  0  0  0  0  0  0  0  0  0  0  0   501
l-C3H2+     1  2  0  3  0  0  0  0  0  0  0  0  0  0  0  0  0  0  0  0  0  0  0   502
C4H-       -1  1  0  4  0  0  0  0  0  0  0  0  0  0  0  0  0  0  0  0  0  0  0   503
C5-        -1  0  0  5  0  0  0  0  0  0  0  0  0  0  0  0  0  0  0  0  0  0  0   504
CH2NH+      1  3  0  1  1  0  0  0  0  0  0  0  0  0  0  0  0  0  0  0  0  0  0   505
C2N2H+      1  1  0  2  2  0  0  0  0  0  0  0  0  0  0  0  0  0  0  0  0  0  0   506
H2NCS+      1  2  0  1  1  0  0  1  0  0  0  0  0  0  0  0  0  0  0  0  0  0  0   507
HNCSH+      1  2  0  1  1  0  0  1  0  0  0  0  0  0  0  0  0  0  0  0  0  0  0   508
H2NCO+      1  2  0  1  1  1  0  0  0  0  0  0  0  0  0  0  0  0  0  0  0  0  0   509
HNCOH+      1  2  0  1  1  1  0  0  0  0  0  0  0  0  0  0  0  0  0  0  0  0  0   510
H2OCN+      1  2  0  1  1  1  0  0  0  0  0  0  0  0  0  0  0  0  0  0  0  0  0   511
HCNOH+      1  2  0  1  1  1  0  0  0  0  0  0  0  0  0  0  0  0  0  0  0  0  0   512
H2CNO+      1  2  0  1  1  1  0  0  0  0  0  0  0  0  0  0  0  0  0  0  0  0  0   513
H2C2S+      1  2  0  2  0  0  0  1  0  0  0  0  0  0  0  0  0  0  0  0  0  0  0   514
H2SCN+      1  2  0  1  1  0  0  1  0  0  0  0  0  0  0  0  0  0  0  0  0  0  0   515
H2CNS+      1  2  0  1  1  0  0  1  0  0  0  0  0  0  0  0  0  0  0  0  0  0  0   516
HCNSH+      1  2  0  1  1  0  0  1  0  0  0  0  0  0  0  0  0  0  0  0  0  0  0   517
CH3CN+      1  3  0  2  1  0  0  0  0  0  0  0  0  0  0  0  0  0  0  0  0  0  0   518
CH3CO+      1  3  0  2  0  1  0  0  0  0  0  0  0  0  0  0  0  0  0  0  0  0  0   519
C2H4+       1  4  0  2  0  0  0  0  0  0  0  0  0  0  0  0  0  0  0  0  0  0  0   520
HC3NH+      1  2  0  3  1  0  0  0  0  0  0  0  0  0  0  0  0  0  0  0  0  0  0   521
c-C3H3+     1  3  0  3  0  0  0  0  0  0  0  0  0  0  0  0  0  0  0  0  0  0  0   522
C4H2+       1  2  0  4  0  0  0  0  0  0  0  0  0  0  0  0  0  0  0  0  0  0  0   523
C5H+        1  1  0  5  0  0  0  0  0  0  0  0  0  0  0  0  0  0  0  0  0  0  0   524
C5N+        1  0  0  5  1  0  0  0  0  0  0  0  0  0  0  0  0  0  0  0  0  0  0   525
C6+         1  0  0  6  0  0  0  0  0  0  0  0  0  0  0  0  0  0  0  0  0  0  0   526
CH3O2+      1  3  0  1  0  2  0  0  0  0  0  0  0  0  0  0  0  0  0  0  0  0  0   527
CH2NH2+     1  4  0  1  1  0  0  0  0  0  0  0  0  0  0  0  0  0  0  0  0  0  0   528
CH3OH+      1  4  0  1  0  1  0  0  0  0  0  0  0  0  0  0  0  0  0  0  0  0  0   529
CH5+        1  5  0  1  0  0  0  0  0  0  0  0  0  0  0  0  0  0  0  0  0  0  0   530
H2C3O+      1  2  0  3  0  1  0  0  0  0  0  0  0  0  0  0  0  0  0  0  0  0  0   531
HC2NCH+     1  2  0  3  1  0  0  0  0  0  0  0  0  0  0  0  0  0  0  0  0  0  0   532
HC4N+       1  1  0  4  1  0  0  0  0  0  0  0  0  0  0  0  0  0  0  0  0  0  0   533
HC4O+       1  1  0  4  0  1  0  0  0  0  0  0  0  0  0  0  0  0  0  0  0  0  0   534
HC4S+       1  1  0  4  0  0  0  1  0  0  0  0  0  0  0  0  0  0  0  0  0  0  0   535
NH2CNH+     1  3  0  1  2  0  0  0  0  0  0  0  0  0  0  0  0  0  0  0  0  0  0   536
PC2H3+      1  3  0  2  0  0  0  0  0  0  0  0  1  0  0  0  0  0  0  0  0  0  0   537
PC4H+       1  1  0  4  0  0  0  0  0  0  0  0  1  0  0  0  0  0  0  0  0  0  0   538
PCH4+       1  4  0  1  0  0  0  0  0  0  0  0  1  0  0  0  0  0  0  0  0  0  0   539
SiC2H3+     1  3  0  2  0  0  1  0  0  0  0  0  0  0  0  0  0  0  0  0  0  0  0   540
SiC3H2+     1  2  0  3  0  0  1  0  0  0  0  0  0  0  0  0  0  0  0  0  0  0  0   541
SiC4H+      1  1  0  4  0  0  1  0  0  0  0  0  0  0  0  0  0  0  0  0  0  0  0   542
SiCH4+      1  4  0  1  0  0  1  0  0  0  0  0  0  0  0  0  0  0  0  0  0  0  0   543
SiH5+       1  5  0  0  0  0  1  0  0  0  0  0  0  0  0  0  0  0  0  0  0  0  0   544
l-C3H3+     1  3  0  3  0  0  0  0  0  0  0  0  0  0  0  0  0  0  0  0  0  0  0   545
C5H-       -1  1  0  5  0  0  0  0  0  0  0  0  0  0  0  0  0  0  0  0  0  0  0   546
C6-        -1  0  0  6  0  0  0  0  0  0  0  0  0  0  0  0  0  0  0  0  0  0  0   547
C4N2+       1  0  0  4  2  0  0  0  0  0  0  0  0  0  0  0  0  0  0  0  0  0  0   548
NH2CHS+     1  3  0  1  1  0  0  1  0  0  0  0  0  0  0  0  0  0  0  0  0  0  0   549
CH3CS+      1  3  0  2  0  0  0  1  0  0  0  0  0  0  0  0  0  0  0  0  0  0  0   550
H2C3S+      1  2  0  3  0  0  0  1  0  0  0  0  0  0  0  0  0  0  0  0  0  0  0   551
CH3CNH+     1  4  0  2  1  0  0  0  0  0  0  0  0  0  0  0  0  0  0  0  0  0  0   552
C2H4O+      1  4  0  2  0  1  0  0  0  0  0  0  0  0  0  0  0  0  0  0  0  0  0   553
C2H5+       1  5  0  2  0  0  0  0  0  0  0  0  0  0  0  0  0  0  0  0  0  0  0   554
C3H3N+      1  3  0  3  1  0  0  0  0  0  0  0  0  0  0  0  0  0  0  0  0  0  0   555
C3H4+       1  4  0  3  0  0  0  0  0  0  0  0  0  0  0  0  0  0  0  0  0  0  0   556
C4H3+       1  3  0  4  0  0  0  0  0  0  0  0  0  0  0  0  0  0  0  0  0  0  0   557
C5H2+       1  2  0  5  0  0  0  0  0  0  0  0  0  0  0  0  0  0  0  0  0  0  0   558
HC5N+       1  1  0  5  1  0  0  0  0  0  0  0  0  0  0  0  0  0  0  0  0  0  0   559
C6H+        1  1  0  6  0  0  0  0  0  0  0  0  0  0  0  0  0  0  0  0  0  0  0   560
C7+         1  0  0  7  0  0  0  0  0  0  0  0  0  0  0  0  0  0  0  0  0  0  0   561
CH3NH2+     1  5  0  1  1  0  0  0  0  0  0  0  0  0  0  0  0  0  0  0  0  0  0   562
CH3OH2+     1  5  0  1  0  1  0  0  0  0  0  0  0  0  0  0  0  0  0  0  0  0  0   563
H2C4N+      1  2  0  4  1  0  0  0  0  0  0  0  0  0  0  0  0  0  0  0  0  0  0   564
C2H3CO+     1  3  0  3  0  1  0  0  0  0  0  0  0  0  0  0  0  0  0  0  0  0  0   565
NH2CH2O+    1  4  0  1  1  1  0  0  0  0  0  0  0  0  0  0  0  0  0  0  0  0  0   566
PC2H4+      1  4  0  2  0  0  0  0  0  0  0  0  1  0  0  0  0  0  0  0  0  0  0   567
PC4H2+      1  2  0  4  0  0  0  0  0  0  0  0  1  0  0  0  0  0  0  0  0  0  0   568
C6H-       -1  1  0  6  0  0  0  0  0  0  0  0  0  0  0  0  0  0  0  0  0  0  0   569
C7-        -1  0  0  7  0  0  0  0  0  0  0  0  0  0  0  0  0  0  0  0  0  0  0   570
C4N2H+      1  1  0  4  2  0  0  0  0  0  0  0  0  0  0  0  0  0  0  0  0  0  0   571
C6N+        1  0  0  6  1  0  0  0  0  0  0  0  0  0  0  0  0  0  0  0  0  0  0   572
HC5O+       1  1  0  5  0  1  0  0  0  0  0  0  0  0  0  0  0  0  0  0  0  0  0   573
CH3SH2+     1  5  0  1  0  0  0  1  0  0  0  0  0  0  0  0  0  0  0  0  0  0  0   574
HCCCHSH+    1  3  0  3  0  0  0  1  0  0  0  0  0  0  0  0  0  0  0  0  0  0  0   575
NH2CHSH+    1  4  0  1  1  0  0  1  0  0  0  0  0  0  0  0  0  0  0  0  0  0  0   576
NH3CHS+     1  4  0  1  1  0  0  1  0  0  0  0  0  0  0  0  0  0  0  0  0  0  0   577
CH3NCO+     1  3  0  2  1  1  0  0  0  0  0  0  0  0  0  0  0  0  0  0  0  0  0   578
HCCCHOH+    1  3  0  3  0  1  0  0  0  0  0  0  0  0  0  0  0  0  0  0  0  0  0   579
c-C3H2OH+   1  3  0  3  0  1  0  0  0  0  0  0  0  0  0  0  0  0  0  0  0  0  0   580
CH3CHOH+    1  5  0  2  0  1  0  0  0  0  0  0  0  0  0  0  0  0  0  0  0  0  0   581
C2H6+       1  6  0  2  0  0  0  0  0  0  0  0  0  0  0  0  0  0  0  0  0  0  0   582
C3H3NH+     1  4  0  3  1  0  0  0  0  0  0  0  0  0  0  0  0  0  0  0  0  0  0   583
C3H5+       1  5  0  3  0  0  0  0  0  0  0  0  0  0  0  0  0  0  0  0  0  0  0   584
C4H4+       1  4  0  4  0  0  0  0  0  0  0  0  0  0  0  0  0  0  0  0  0  0  0   585
HC5NH+      1  2  0  5  1  0  0  0  0  0  0  0  0  0  0  0  0  0  0  0  0  0  0   586
C5H3+       1  3  0  5  0  0  0  0  0  0  0  0  0  0  0  0  0  0  0  0  0  0  0   587
C6H2+       1  2  0  6  0  0  0  0  0  0  0  0  0  0  0  0  0  0  0  0  0  0  0   588
C7H+        1  1  0  7  0  0  0  0  0  0  0  0  0  0  0  0  0  0  0  0  0  0  0   589
C7N+        1  0  0  7  1  0  0  0  0  0  0  0  0  0  0  0  0  0  0  0  0  0  0   590
C8+         1  0  0  8  0  0  0  0  0  0  0  0  0  0  0  0  0  0  0  0  0  0  0   591
CH3NH3+     1  6  0  1  1  0  0  0  0  0  0  0  0  0  0  0  0  0  0  0  0  0  0   592
COOCH4+     1  4  0  2  0  2  0  0  0  0  0  0  0  0  0  0  0  0  0  0  0  0  0   593
H3C4N+      1  3  0  4  1  0  0  0  0  0  0  0  0  0  0  0  0  0  0  0  0  0  0   594
C7H-       -1  1  0  7  0  0  0  0  0  0  0  0  0  0  0  0  0  0  0  0  0  0  0   595
C8-        -1  0  0  8  0  0  0  0  0  0  0  0  0  0  0  0  0  0  0  0  0  0  0   596
C2H5N+      1  5  0  2  1  0  0  0  0  0  0  0  0  0  0  0  0  0  0  0  0  0  0   597
HC6N+       1  1  0  6  1  0  0  0  0  0  0  0  0  0  0  0  0  0  0  0  0  0  0   598
NH2CH2SH+   1  5  0  1  1  0  0  1  0  0  0  0  0  0  0  0  0  0  0  0  0  0  0   599
CH3CHSH+    1  5  0  2  0  0  0  1  0  0  0  0  0  0  0  0  0  0  0  0  0  0  0   600
CH3NCOH+    1  4  0  2  1  1  0  0  0  0  0  0  0  0  0  0  0  0  0  0  0  0  0   601
C2H5OH+     1  6  0  2  0  1  0  0  0  0  0  0  0  0  0  0  0  0  0  0  0  0  0   602
H3C4NH+     1  4  0  4  1  0  0  0  0  0  0  0  0  0  0  0  0  0  0  0  0  0  0   603
C4H5+       1  5  0  4  0  0  0  0  0  0  0  0  0  0  0  0  0  0  0  0  0  0  0   604
C5H3N+      1  3  0  5  1  0  0  0  0  0  0  0  0  0  0  0  0  0  0  0  0  0  0   605
C5H4+       1  4  0  5  0  0  0  0  0  0  0  0  0  0  0  0  0  0  0  0  0  0  0   606
C6H3+       1  3  0  6  0  0  0  0  0  0  0  0  0  0  0  0  0  0  0  0  0  0  0   607
C7H2+       1  2  0  7  0  0  0  0  0  0  0  0  0  0  0  0  0  0  0  0  0  0  0   608
HC7N+       1  1  0  7  1  0  0  0  0  0  0  0  0  0  0  0  0  0  0  0  0  0  0   609
C8H+        1  1  0  8  0  0  0  0  0  0  0  0  0  0  0  0  0  0  0  0  0  0  0   610
C9+         1  0  0  9  0  0  0  0  0  0  0  0  0  0  0  0  0  0  0  0  0  0  0   611
CH3OCH3+    1  6  0  2  0  1  0  0  0  0  0  0  0  0  0  0  0  0  0  0  0  0  0   612
H5C2O2+     1  5  0  2  0  2  0  0  0  0  0  0  0  0  0  0  0  0  0  0  0  0  0   613
C8H-       -1  1  0  8  0  0  0  0  0  0  0  0  0  0  0  0  0  0  0  0  0  0  0   614
C9-        -1  0  0  9  0  0  0  0  0  0  0  0  0  0  0  0  0  0  0  0  0  0  0   615
C2H7+       1  7  0  2  0  0  0  0  0  0  0  0  0  0  0  0  0  0  0  0  0  0  0   616
C3H6+       1  6  0  3  0  0  0  0  0  0  0  0  0  0  0  0  0  0  0  0  0  0  0   617
C3H5N+      1  5  0  3  1  0  0  0  0  0  0  0  0  0  0  0  0  0  0  0  0  0  0   618
H2C6N+      1  2  0  6  1  0  0  0  0  0  0  0  0  0  0  0  0  0  0  0  0  0  0   619
C6N2H+      1  1  0  6  2  0  0  0  0  0  0  0  0  0  0  0  0  0  0  0  0  0  0   620
C8N+        1  0  0  8  1  0  0  0  0  0  0  0  0  0  0  0  0  0  0  0  0  0  0   621
HC7O+       1  1  0  7  0  1  0  0  0  0  0  0  0  0  0  0  0  0  0  0  0  0  0   622
NH3CH2SH+   1  6  0  1  1  0  0  1  0  0  0  0  0  0  0  0  0  0  0  0  0  0  0   623
C10+        1  0  0 10  0  0  0  0  0  0  0  0  0  0  0  0  0  0  0  0  0  0  0   624
C2H5OH2+    1  7  0  2  0  1  0  0  0  0  0  0  0  0  0  0  0  0  0  0  0  0  0   625
C2H6CO+     1  6  0  3  0  1  0  0  0  0  0  0  0  0  0  0  0  0  0  0  0  0  0   626
C5H4N+      1  4  0  5  1  0  0  0  0  0  0  0  0  0  0  0  0  0  0  0  0  0  0   627
C5H5+       1  5  0  5  0  0  0  0  0  0  0  0  0  0  0  0  0  0  0  0  0  0  0   628
C6H4+       1  4  0  6  0  0  0  0  0  0  0  0  0  0  0  0  0  0  0  0  0  0  0   629
C7H2N+      1  2  0  7  1  0  0  0  0  0  0  0  0  0  0  0  0  0  0  0  0  0  0   630
C7H3+       1  3  0  7  0  0  0  0  0  0  0  0  0  0  0  0  0  0  0  0  0  0  0   631
C8H2+       1  2  0  8  0  0  0  0  0  0  0  0  0  0  0  0  0  0  0  0  0  0  0   632
C9H+        1  1  0  9  0  0  0  0  0  0  0  0  0  0  0  0  0  0  0  0  0  0  0   633
C9N+        1  0  0  9  1  0  0  0  0  0  0  0  0  0  0  0  0  0  0  0  0  0  0   634
CH3OCH4+    1  7  0  2  0  1  0  0  0  0  0  0  0  0  0  0  0  0  0  0  0  0  0   635
C9H-       -1  1  0  9  0  0  0  0  0  0  0  0  0  0  0  0  0  0  0  0  0  0  0   636
C10-       -1  0  0 10  0  0  0  0  0  0  0  0  0  0  0  0  0  0  0  0  0  0  0   637
C3H7+       1  7  0  3  0  0  0  0  0  0  0  0  0  0  0  0  0  0  0  0  0  0  0   638
C4H6+       1  6  0  4  0  0  0  0  0  0  0  0  0  0  0  0  0  0  0  0  0  0  0   639
C3H5NH+     1  6  0  3  1  0  0  0  0  0  0  0  0  0  0  0  0  0  0  0  0  0  0   640
C4H5N+      1  5  0  4  1  0  0  0  0  0  0  0  0  0  0  0  0  0  0  0  0  0  0   641
HC8N+       1  1  0  8  1  0  0  0  0  0  0  0  0  0  0  0  0  0  0  0  0  0  0   642
C10H+       1  1  0 10  0  0  0  0  0  0  0  0  0  0  0  0  0  0  0  0  0  0  0   643
C3H6OH+     1  7  0  3  0  1  0  0  0  0  0  0  0  0  0  0  0  0  0  0  0  0  0   644
C4H7+       1  7  0  4  0  0  0  0  0  0  0  0  0  0  0  0  0  0  0  0  0  0  0   645
H3C6NH+     1  4  0  6  1  0  0  0  0  0  0  0  0  0  0  0  0  0  0  0  0  0  0   646
C6H5+       1  5  0  6  0  0  0  0  0  0  0  0  0  0  0  0  0  0  0  0  0  0  0   647
H3C7N+      1  3  0  7  1  0  0  0  0  0  0  0  0  0  0  0  0  0  0  0  0  0  0   648
C7H4+       1  4  0  7  0  0  0  0  0  0  0  0  0  0  0  0  0  0  0  0  0  0  0   649
C8H3+       1  3  0  8  0  0  0  0  0  0  0  0  0  0  0  0  0  0  0  0  0  0  0   650
C9H2+       1  2  0  9  0  0  0  0  0  0  0  0  0  0  0  0  0  0  0  0  0  0  0   651
C9HN+       1  1  0  9  1  0  0  0  0  0  0  0  0  0  0  0  0  0  0  0  0  0  0   652
C10H-      -1  1  0 10  0  0  0  0  0  0  0  0  0  0  0  0  0  0  0  0  0  0  0   653
C11+        1  0  0 11  0  0  0  0  0  0  0  0  0  0  0  0  0  0  0  0  0  0  0   654
C3H8+       1  8  0  3  0  0  0  0  0  0  0  0  0  0  0  0  0  0  0  0  0  0  0   655
C4H5NH+     1  6  0  4  1  0  0  0  0  0  0  0  0  0  0  0  0  0  0  0  0  0  0   656
C5H5N+      1  5  0  5  1  0  0  0  0  0  0  0  0  0  0  0  0  0  0  0  0  0  0   657
C10N+       1  0  0 10  1  0  0  0  0  0  0  0  0  0  0  0  0  0  0  0  0  0  0   658
HC9O+       1  1  0  9  0  1  0  0  0  0  0  0  0  0  0  0  0  0  0  0  0  0  0   659
H2C8N+      1  2  0  8  1  0  0  0  0  0  0  0  0  0  0  0  0  0  0  0  0  0  0   660
C10H2+      1  2  0 10  0  0  0  0  0  0  0  0  0  0  0  0  0  0  0  0  0  0  0   661
C7H5+       1  5  0  7  0  0  0  0  0  0  0  0  0  0  0  0  0  0  0  0  0  0  0   662
C8H4+       1  4  0  8  0  0  0  0  0  0  0  0  0  0  0  0  0  0  0  0  0  0  0   663
C9H2N+      1  2  0  9  1  0  0  0  0  0  0  0  0  0  0  0  0  0  0  0  0  0  0   664
C9H3+       1  3  0  9  0  0  0  0  0  0  0  0  0  0  0  0  0  0  0  0  0  0  0   665
C3H9+       1  9  0  3  0  0  0  0  0  0  0  0  0  0  0  0  0  0  0  0  0  0  0   666
C4H8+       1  8  0  4  0  0  0  0  0  0  0  0  0  0  0  0  0  0  0  0  0  0  0   667
C5H7+       1  7  0  5  0  0  0  0  0  0  0  0  0  0  0  0  0  0  0  0  0  0  0   668
HC10N+      1  1  0 10  1  0  0  0  0  0  0  0  0  0  0  0  0  0  0  0  0  0  0   669
C6H7+       1  7  0  6  0  0  0  0  0  0  0  0  0  0  0  0  0  0  0  0  0  0  0   670
C8H4N+      1  4  0  8  1  0  0  0  0  0  0  0  0  0  0  0  0  0  0  0  0  0  0   671
C8H5+       1  5  0  8  0  0  0  0  0  0  0  0  0  0  0  0  0  0  0  0  0  0  0   672
C9H3N+      1  3  0  9  1  0  0  0  0  0  0  0  0  0  0  0  0  0  0  0  0  0  0   673
C9H4+       1  4  0  9  0  0  0  0  0  0  0  0  0  0  0  0  0  0  0  0  0  0  0   674
C10H3+      1  3  0 10  0  0  0  0  0  0  0  0  0  0  0  0  0  0  0  0  0  0  0   675
C4H9+       1  9  0  4  0  0  0  0  0  0  0  0  0  0  0  0  0  0  0  0  0  0  0   676
H2C10N+     1  2  0 10  1  0  0  0  0  0  0  0  0  0  0  0  0  0  0  0  0  0  0   677
C9H5+       1  5  0  9  0  0  0  0  0  0  0  0  0  0  0  0  0  0  0  0  0  0  0   678
C5H9+       1  9  0  5  0  0  0  0  0  0  0  0  0  0  0  0  0  0  0  0  0  0  0   679
C7H7+       1  7  0  7  0  0  0  0  0  0  0  0  0  0  0  0  0  0  0  0  0  0  0   680
C8H6+       1  6  0  8  0  0  0  0  0  0  0  0  0  0  0  0  0  0  0  0  0  0  0   681
C6H7N+      1  7  0  6  1  0  0  0  0  0  0  0  0  0  0  0  0  0  0  0  0  0  0   682
C8H7+       1  7  0  8  0  0  0  0  0  0  0  0  0  0  0  0  0  0  0  0  0  0  0   683
C6H7NH+     1  8  0  6  1  0  0  0  0  0  0  0  0  0  0  0  0  0  0  0  0  0  0   684
C9H7+       1  7  0  9  0  0  0  0  0  0  0  0  0  0  0  0  0  0  0  0  0  0  0   685
C9H8+       1  8  0  9  0  0  0  0  0  0  0  0  0  0  0  0  0  0  0  0  0  0  0   686
C14H10+     1 10  0 14  0  0  0  0  0  0  0  0  0  0  0  0  0  0  0  0  0  0  0   687
C15H9+      1  9  0 15  0  0  0  0  0  0  0  0  0  0  0  0  0  0  0  0  0  0  0   688
